5 0 0 0 0 0.707 0.707
4.7 0.2 0 0 0 0.707 0.707
4.4 0.4 0 0 0 0.707 0.707
4.1 0.6 0 0 0 0.707 0.707
3.8 0.8 0 0 0 0.707 0.707
3.5 1 0 0 0 0.707 0.707
3.2 1.2 0 0 0 0.707 0.707
2.9 1.4 0 0 0 0.707 0.707
2.6 1.6 0 0 0 0.707 0.707
2.3 1.8 0 0 0 0.707 0.707
2 2 0 0 0 0.707 0.707
1.97538 2.31287 0 0 0 0.649355 0.760318
1.90211 2.61803 0 0 0 0.587705 0.808946
1.78201 2.90798 0 0 0 0.522431 0.852585
1.61803 3.17557 0 0 0 0.453934 0.890965
1.41421 3.41421 0 0 0 0.382638 0.923851
1.17557 3.61803 0 0 0 0.308981 0.951038
0.907981 3.78201 0 0 0 0.233419 0.972359
0.618034 3.90211 0 0 0 0.156417 0.987684
0.312869 3.97538 0 0 0 0.0784505 0.996916
